154606011
7588804011
7588805011
7588798011
7588806011
7588807011
7588808011
7588784011
7588809011
7588799011
7588810011
7588811011
7588812011
7588813011
7588814011
7588815011
7588800011
7588816011
7588801011
158437011
7588817011
7588818011
7588802011
7588819011
7588889011
3511261011
15248912011
15248914011
7006648011
7006649011
7006631011
7006650011
7006651011
6110890011
6110891011
6064563011
7006629011
7006630011
15249145011
7006631011
7006632011
156573011
156570011
156568011
156574011
668010011
7006633011
11650875011
7006622011
15249001011
15249012011
6110892011
15249015011
6064558011
15249037011
6110893011
15249042011
15249044011
15249053011
15249058011
15249062011
7006626011
15249077011
15249081011
6110894011
15249082011
7006627011
15249140011
7006628011
7006612011
15248964011
7006613011
7006616011
7006617011
7006618011
7006621011
158592011
6809434011
6157855011
158593011
6809435011
6809436011
6401749011
6361470011
6809437011
6809438011
6809439011
158595011
6809440011
6157856011
6361471011
6809443011
6157858011
6361472011
6809444011
6361473011
6157855011
158577011
158578011
6190468011
6809424011
6809425011
157062011
158580011
169457011
158582011
6809426011
6809427011
8604756011
6157853011
6809431011
6809432011
158598011
158610011
158619011
158622011
158667011
158676011
158687011
157566011
158690011
158064011
158691011
158701011
158702011
158705011
157119011
159765011
159780011
159808011
159814011
158296011
158434011
158541011
11650867011
6190486011
158568011
158569011
6487830011
158571011
6487831011
6487832011
6487836011
6487837011
6487839011
6487838011
6487841011
6401744011
6190487011
6190489011
158129011
158139011
158142011
158143011
158188011
158189011
158192011
158230011
157248011
158238011
158227011
158243011
158266011
157343011
157430011
157417011
157488011
157585011
157586011
157590011
157591011
157592011
157602011
157604011
157605011
157621011
157622011
154607011
154754011
154821011
319883011
156116011
156154011
156699011
158125011
157626011
156430011
156576011
156915011
157037011
157119011
157584011
305951011
158597011
156563011
159818011
159936011
157319011
7130644011
157322011
7130645011
6361463011
157321011
2225099011
6361464011
6190491011
157324011
7130647011
157323011
7130636011
6190491011
157307011
157308011
6190476011
157312011
157313011
157318011
6190477011
157315011
157309011
157317011
6361460011
7130623011
7151518011
7130624011
7130625011
7130626011
7130627011
7130628011
157119011
157120011
157130011
157142011
157152011
157162011
157169011
157178011
157182011
157208011
157233011
157238011
157248011
157254011
157255011
157258011
157265011
157300011
157088011
157107011
157110011
7588780011
7588743011
157047011
172480011
7588819011
7588839011
157111011
6361440011
7588884011
7588738011
7588876011
7588912011
7588787011
7588749011
7588802011
7588837011
7588856011
7588875011
7588881011
7588882011
7588884011
7588797011
7588906011
158434011
158435011
6190467011
7588872011
7588873011
158437011
7588874011
158438011
158439011
158440011
157078011
7588875011
157097011
7588843011
7588845011
7588846011
7588847011
7588747011
7588849011
7588850011
7588851011
7588852011
7588853011
7588854011
7588855011
7588856011
157051011
7588839011
7588911011
7588785011
7588840011
7588841011
7588850011
7588842011
157059011
7588804011
7588805011
7588798011
7588806011
7588807011
7588808011
7588784011
7588809011
7588799011
7588810011
7588811011
7588812011
7588813011
7588814011
7588815011
7588800011
7588816011
7588801011
158437011
7588817011
7588818011
7588802011
7588819011
157054011
157056011
6361434011
6361435011
6361436011
6361437011
6361438011
7588730011
157068011
157069011
157058011
7588842011
7588737011
157071011
7588792011
157072011
157073011
157039011
157042011
7588752011
157040011
7588753011
7588754011
157041011
157044011
157046011
7588755011
7588756011
157047011
157052011
7588743011
7588744011
7588745011
7588746011
7588747011
7588873011
7588748011
7588749011
7588794011
157050011
7588780011
7588781011
7588782011
7588783011
7588784011
7588785011
7588847011
7588872011
7588786011
7588787011
7588793011
157089011
7588908011
7588782011
7588909011
157040011
7588910011
7588911011
7588861011
157091011
7588912011
7588742011
7588908011
7588781011
157039011
157061011
157079011
7588876011
157110011
156279011
7588728011
7588730011
7588731011
7588736011
158592011
7588737011
7588738011
7588739011
7588740011
156577011
156584011
156621011
156635011
10704220011
156627011
156633011
156636011
156188011
156648011
156653011
156658011
16
21
10704229011
10704230011
156692011
156679011
10704234011
10704239011
156593011
10704244011
156680011
156576011
156556011
156562011
156575011
156555011
157626011
158125011
156699011
156154011
156116011
6391532011
7290670011
2231074011
6361429011
11468684011
11468685011
156107011
11468686011
11468688011
156115011
11468689011
11468690011
7290672011
11468691011
7290673011
6361432011
11468692011
11468693011
7290674011
7290675011
11468695011
11468696011
7290676011
7290677011
155009011
155190011
7090561011
155010011
155081011
155754011
156024011
155218011
155135011
7090570011
155907011
155192011
155752011
7090586011
155143011
155828011
156065011
155189011
155220011
155931011
155217011
155951011
156040011
154607011
154755011
154777011
154781011
154786011
154793011
154794011
154806011
159828011
154820011
157554011
154819011
